        1024            2
0.72232282 0.94625206
0.63175367 0.67006751
0.73522665 0.65350629
0.69553760 0.69535756
0.67226697 0.76719570
0.59905524 0.71857853
0.65804043 0.97718928
0.63355390 0.91919452
0.64506313 0.68159578
0.66875571 0.65654107
0.68309277 0.98127654
0.64479566 0.96544346
0.63112488 0.68993865
0.70756639 0.66460048
0.64192244 0.57588215
0.70431546 0.67025653
0.69283653 0.78376469
0.59238133 0.66392359
0.73728727 0.97991391
0.68506666 0.97999161
0.58756819 0.99187780
0.63903017 0.68886079
0.69372046 0.95648882
0.64232479 0.65705226
0.63609535 0.95699410
0.69588095 0.71987711
0.64556915 0.67432412
0.66725504 0.68722429
0.68388706 0.64679463
0.67768090 0.97632925
0.63586270 0.96965436
0.68353781 0.97562799
0.71752335 0.98635190
0.72083445 0.98716784
0.68366262 0.96174967
0.69674751 0.98336787
0.66506726 0.94472113
0.70809903 0.95057759
0.64143956 0.93070302
0.60441577 0.97253938
0.69470512 0.58307859
0.65351161 0.95066176
0.66116302 0.59425591
0.71756758 0.96798064
0.60024461 0.91414199
0.69642210 0.64950101
0.58591902 0.62628127
0.67101888 0.94171923
0.64267266 0.92899163
0.61714532 0.68942481
0.58776923 0.93637900
0.65921914 0.90243958
0.64792302 0.72768875
0.63616287 0.69520644
0.66906920 0.65688118
0.65000269 0.96378676
0.61909609 0.97047150
0.69116479 0.96166573
0.67660792 0.73397666
0.68531824 0.96615465
0.66420055 0.67649861
0.62851309 0.66893102
0.63284409 0.95284733
0.66991134 0.68405906
0.66119112 0.98041993
0.72370614 0.99005071
0.70793130 0.66303644
0.71405333 0.65540473
0.69731263 0.94211398
0.66186844 0.94876018
0.69564379 0.74083992
0.64795951 0.68097764
0.64794839 0.98233709
0.62999929 0.95873713
0.66280732 0.71425336
0.67981651 0.68211851
0.62499508 0.67242158
0.69227114 0.66951586
0.62959511 0.66780989
0.68904100 0.93788677
0.70144221 0.96833220
0.63795312 0.97386678
0.67034480 0.63299208
0.64855788 0.97574959
0.69372470 0.97142114
0.61933509 0.66627071
0.64011857 0.69762886
0.69709729 0.98330898
0.65196660 0.99045095
0.68303106 0.70891699
0.65733816 0.68489539
0.69206748 0.69027207
0.68164658 0.70731517
0.61891134 0.98800138
0.61496926 0.93832718
0.60031127 0.70717746
0.64323409 0.65184187
0.63663016 0.93318338
0.68932140 0.64700768
0.65650803 0.70702273
0.62652781 0.65933115
0.66567319 0.98346160
0.65162902 0.96831836
0.63935762 0.95349950
0.69430367 0.66122921
0.65703661 0.98411145
0.67634731 0.67509541
0.67797077 0.67612403
0.57615081 0.67331042
0.65381880 0.68472395
0.67598952 0.71386903
0.76088799 0.72018848
0.61782648 0.68291951
0.67954626 0.74274668
0.65404397 0.93384811
0.65496549 0.95829153
0.62231203 0.70474438
0.69799951 0.70780068
0.66681007 0.92685955
0.64513853 0.80214050
0.67447365 0.97230211
0.63429041 0.93903507
0.66711802 0.94648329
0.60021679 0.98372859
0.66355146 0.99438905
0.65964664 0.98543069
0.72045763 0.97709061
0.70355659 0.90886517
0.64999184 0.98194256
0.68082575 0.66790600
0.61377728 0.95691390
0.61295380 0.66087909
0.69848465 0.95314988
0.67117451 0.98270134
0.70761100 0.98053883
0.67020764 0.97279198
0.62181223 0.98597953
0.68859739 0.66591776
0.65212755 0.90926079
0.65316407 0.93087292
0.67278363 0.68697844
0.64684236 0.73266144
0.64377834 0.68284802
0.67134997 0.73241440
0.65340378 0.90168914
0.64757341 0.97309041
0.56983197 0.97132000
0.63931979 0.69521556
0.64597868 0.72772181
0.69501285 0.70881862
0.64388652 0.88560405
0.63946548 0.97807285
0.74313234 0.90143395
0.61156249 0.65091518
0.67765515 0.62194137
0.64464250 0.71575223
0.67069251 0.99052232
0.62673859 0.69567544
0.60766770 0.89629451
0.61969033 0.96439425
0.72517414 0.75665516
0.64810908 0.67984063
0.66520821 0.96199759
0.60650281 0.93836932
0.69423867 0.98830811
0.67519730 0.70320511
0.66836729 0.75816940
0.68294363 0.69045383
0.63643285 0.65199595
0.61887544 0.94568363
0.65122569 0.61529334
0.72634570 0.94146824
0.72426886 0.97782248
0.62535233 0.96927639
0.66469606 0.66690644
0.72258151 0.62907176
0.68628190 0.74189943
0.70784916 0.96158557
0.65488665 0.98026030
0.65976819 0.69651176
0.67901476 0.97415870
0.62287051 0.71001801
0.69215318 0.95258228
0.64976508 0.62407449
0.67926937 0.69161013
0.76042104 0.68896106
0.57948589 0.98492148
0.67768212 0.83427994
0.66235079 0.96193954
0.64141847 0.67234350
0.65771856 0.99579099
0.68745655 0.72385086
0.57322471 0.98120059
0.72355898 0.66668557
0.60317096 0.68542648
0.57076690 0.65223083
0.66556673 0.98625399
0.58654912 0.95476321
0.64757414 0.66777914
0.73851357 0.66584910
0.71102189 0.68274422
0.64692848 0.76068294
0.64196689 0.72656615
0.66566457 0.98738641
0.67359493 0.94860467
0.65988365 0.96279706
0.64804821 0.97799813
0.58025206 0.91038638
0.66565851 0.68587232
0.67703103 0.68541793
0.57349119 0.65830299
0.62588270 0.65931133
0.64796515 0.68944707
0.77317317 0.90073825
0.64748136 0.94955670
0.64949810 0.90066139
0.65026445 0.67320146
0.60622148 0.65120994
0.70680587 0.95544835
0.70651545 0.84343605
0.64589531 0.98105613
0.65127405 0.71863114
0.68114098 0.96916526
0.62690777 0.99355623
0.73104157 0.74130969
0.68240851 0.94918605
0.62848940 0.97118331
0.65781713 0.70345674
0.72310857 0.94264794
0.68127716 0.69381066
0.64704759 0.72884869
0.72103094 0.71270978
0.69581315 0.96065844
0.65445247 0.69183417
0.65622499 0.73122417
0.70170415 0.66597207
0.69134414 0.96701831
0.60191519 0.95266917
0.64071914 0.96816336
0.65904123 0.98388693
0.59673162 0.61967019
0.64341125 0.74940925
0.63850789 0.73365917
0.61149714 0.94822895
0.65135294 0.96007433
0.66487148 0.97776391
0.60910441 0.67093114
0.65366720 0.71098776
0.63120441 0.97740457
0.63283384 0.68869954
0.71911079 0.65245382
0.65792912 0.66701819
0.56756160 0.67717350
0.68697139 0.69150974
0.65571616 0.72525546
0.63661817 0.98937233
0.68058903 0.63419007
0.65837806 0.68622996
0.64585644 0.71401780
0.68105702 0.92987953
0.77636454 0.61900775
0.64119009 0.95268540
0.64660514 0.64765836
0.64446328 0.97195461
0.65830846 0.70167025
0.60835809 0.66612006
0.61851886 0.68900935
0.70164964 0.96335358
0.65954037 0.66394533
0.63895292 0.95648107
0.62689234 0.95829258
0.63065918 0.72862852
0.65962926 0.61419117
0.69755277 0.63703470
0.69154863 0.94564375
0.72597335 0.99135614
0.65400874 0.92060214
0.69229735 0.99199369
0.59873251 0.97817108
0.65575106 0.99155133
0.65720489 0.67239060
0.58422904 0.69477907
0.62525065 0.70271353
0.61442602 0.90936263
0.69393897 0.95568194
0.64754855 0.58981394
0.64977500 0.63594015
0.66473053 0.96222024
0.64712148 0.65335983
0.72454366 0.98523709
0.67709880 0.65234748
0.62612228 0.98224099
0.66857674 0.74055659
0.67156621 0.94790866
0.70504932 0.68261885
0.67391475 0.65414944
0.63966884 0.67382039
0.60608600 0.98619490
0.67982778 0.97275969
0.72211953 0.68686004
0.64117120 0.97245382
0.58650155 0.67910825
0.67067959 0.91177963
0.64160214 0.99276231
0.62317913 0.97912974
0.66930733 0.96868295
0.69166672 0.97317541
0.69439850 0.71108308
0.65987904 0.67838065
0.64032016 0.75470976
0.64867501 0.95107985
0.62122229 0.98406429
0.66841152 0.99123215
0.71530801 0.96537003
0.74710622 0.95876835
0.71388363 0.61070935
0.58926806 0.96065550
0.67412461 0.92588616
0.68510173 0.96213598
0.65393350 0.73545310
0.63175739 0.96191352
0.57469103 0.96970924
0.71765667 0.66698403
0.68235814 0.95804694
0.62109580 0.69179866
0.58979997 0.68278837
0.65825578 0.98361630
0.65028226 0.66601701
0.68142645 0.72308655
0.66152706 0.97390271
0.73797202 0.68059595
0.69820034 0.70927364
0.63646438 0.96160464
0.74065842 0.74329010
0.65333384 0.97888499
0.62103913 0.97371088
0.67252754 0.73902608
0.67355826 0.67458648
0.68325684 0.95441316
0.67517188 0.89711016
0.63709406 0.67123097
0.66811507 0.96040214
0.73292850 0.97682125
0.69619290 0.71784555
0.70783568 0.65883449
0.67420251 0.94243766
0.72245498 0.65851912
0.71441961 0.68720958
0.65453007 0.97235093
0.61897785 0.66886834
0.64872997 0.99156922
0.70836250 0.98076173
0.63746628 0.71016075
0.66988473 0.69201887
0.62956074 0.99139334
0.62454179 0.95855550
0.69277364 0.95789403
0.64039005 0.99539704
0.67541902 0.96976820
0.74044813 0.68056696
0.65495373 0.64323633
0.69061054 0.70041294
0.61596068 0.97071944
0.66763782 0.59969534
0.61975403 0.63675076
0.71210366 0.96177859
0.66743861 0.98749427
0.63232656 0.63164610
0.65356266 0.98581875
0.64906830 0.66292982
0.66169081 0.94643023
0.70544933 0.98642023
0.74552133 0.91271994
0.66621395 0.70897847
0.68406685 0.61533079
0.71061339 0.95514884
0.63874875 0.63749552
0.60914983 0.68308868
0.68306669 0.95000989
0.66586341 0.97431917
0.59129122 0.97418519
0.65739958 0.97326165
0.63402191 0.64115471
0.56931316 0.65952639
0.72231803 0.94857771
0.66384245 0.89124091
0.68604713 0.68501891
0.65381113 0.96293136
0.70710347 0.70304239
0.63709482 0.97278799
0.70132814 0.74226372
0.61125883 0.96591577
0.66671714 0.69738309
0.71277941 0.93066825
0.70024866 0.71358882
0.62893570 0.65850564
0.69460098 0.95507568
0.58273954 0.97153765
0.66606739 0.63497776
0.61120950 0.99242303
0.65618052 0.98795326
0.59906695 0.78376513
0.71068530 0.97494676
0.74264441 0.64389290
0.69956244 0.67067323
0.68651733 0.67736630
0.55337945 0.96782157
0.71280322 0.66532104
0.70232230 0.71642084
0.60021380 0.70544947
0.70067780 0.74892052
0.64436793 0.91687413
0.69500059 0.67315532
0.67149584 0.93582438
0.71010986 0.95464257
0.69455331 0.71063074
0.65041558 0.97722338
0.69316644 0.98461860
0.66391524 0.69314328
0.67773119 0.93308000
0.70609546 0.70388623
0.57843468 0.71124778
0.63247800 0.71216705
0.63961707 0.65156347
0.68406911 0.72973033
0.70484952 0.99622870
0.61592777 0.67478480
0.68779300 0.96354637
0.73412657 0.67294288
0.65363676 0.92287272
0.69175400 0.93099261
0.68530549 0.97230165
0.74331813 0.76723578
0.67383052 0.98373238
0.65982047 0.97194510
0.62261338 0.77319920
0.64971421 0.66331002
0.64156323 0.67324818
0.65436320 0.67762300
0.66104481 0.66385004
0.66282963 0.96052906
0.59988518 0.97171949
0.63870271 0.67636232
0.63710774 0.95112960
0.60363658 0.94615997
0.58375248 0.99711178
0.66968441 0.64046419
0.62959941 0.65998164
0.69572540 0.73242850
0.67247846 0.93835164
0.65275584 0.67026825
0.70105307 0.94575215
0.64192333 0.97276517
0.62600286 0.98434474
0.66800343 0.65977781
0.66974825 0.69467499
0.67619249 0.62131589
0.66771362 0.98051348
0.63022603 0.90773671
0.65701743 0.68484282
0.65468828 0.94376294
0.67731762 0.87975302
0.66502929 0.67404906
0.64097425 0.92760042
0.65822309 0.94074695
0.67546076 0.75597063
0.61636611 0.65622702
0.70266923 0.66215081
0.62210230 0.93712265
0.65853499 0.96625546
0.63194466 0.96277686
0.68573710 0.98448458
0.62166287 0.98155536
0.67906627 0.98049743
0.63007574 0.97674422
0.68309074 0.93267178
0.61724886 0.97124966
0.63467147 0.71476547
0.59195886 0.73373666
0.64988285 0.67982442
0.69694626 0.65442516
0.65751698 0.99115109
0.68137667 0.64633690
0.66920271 0.95944986
0.64034880 0.98461935
0.62974370 0.67145135
0.74187145 0.94060791
0.62842049 0.95231794
0.67525897 0.99131462
0.63282000 0.98937847
0.74332104 0.96403016
0.68741871 0.94661063
0.64389549 0.95970301
0.63400498 0.95738075
0.68771617 0.68047551
0.57813777 0.62676314
0.65919146 0.96248223
0.67465595 0.69324823
0.64218852 0.99776572
0.67935961 0.71901869
0.64787851 0.95225189
0.72208287 0.67990056
0.57945742 0.98296330
0.69529674 0.97540826
0.61007054 0.97252590
0.69868878 0.95191086
0.66366382 0.96594147
0.68949597 0.66886424
0.70838021 0.70246521
0.59491242 0.66961149
0.69130004 0.67383183
0.65151016 0.74270913
0.67604282 0.90051511
0.71441639 0.64593009
0.73354549 0.60119548
0.69427962 0.98867428
0.67695855 0.68720031
0.68288113 0.66207040
0.64227493 0.62815608
0.62511422 0.92937386
0.69680261 0.98049642
0.59416041 0.62057776
0.70713777 0.75816703
0.62960638 0.71401356
0.70068426 0.96159116
0.65275394 0.93320173
0.57409488 0.91811856
0.64954659 0.72091166
0.64911808 0.76184715
0.70380518 0.91572785
0.69125936 0.70162447
0.72157808 0.68420987
0.66040932 0.73003994
0.64004883 0.64536580
0.63865536 0.95451907
0.69039658 0.94350944
0.63616756 0.96398567
0.67266002 0.62021665
0.72581255 0.63252457
0.69557148 0.94001915
0.64811341 0.98580395
0.62466301 0.93778968
0.66671174 0.95872864
0.63802468 0.58860314
0.66035765 0.97096201
0.68795812 0.78630066
0.67273750 0.97830080
0.65590534 0.97315164
0.63285462 0.94453943
0.60332757 0.58902559
0.68453275 0.99515406
0.63707545 0.94132949
0.67395492 0.93099755
0.67870314 0.98908406
0.67381343 0.93469276
0.65312595 0.66392332
0.69229229 0.98428680
0.63897676 0.93824223
0.63486380 0.70343358
0.68029620 0.67331235
0.67365169 0.73667245
0.60075933 0.99057745
0.60689508 0.93741103
0.63019716 0.72005310
0.64680372 0.91552442
0.66957678 0.59328392
0.67665345 0.96687999
0.69753387 0.92942746
0.59738257 0.79582388
0.63995692 0.95916861
0.74002630 0.66759810
0.59825509 0.63997003
0.68538304 0.99080487
0.65718144 0.71226883
0.65487132 0.69082684
0.66025041 0.69109773
0.62877810 0.65879331
0.68090348 0.66662944
0.69030152 0.65563536
0.63925369 0.99759413
0.68153648 0.96819868
0.71491895 0.96436946
0.71505117 0.67458513
0.63312024 0.94420848
0.63241949 0.95637160
0.56602882 0.56983162
0.64810262 0.93516744
0.59768878 0.98675733
0.68988706 0.75737890
0.59229994 0.71843968
0.66073832 0.68689482
0.65086420 0.96083486
0.70690041 0.73794849
0.74708485 0.73280476
0.65197825 0.96791477
0.66961429 0.66315137
0.65863944 0.66836943
0.65797894 0.93611533
0.69386312 0.97303642
0.67717202 0.91736223
0.67662193 0.92852800
0.62073969 0.98200415
0.63496526 0.92308314
0.60657939 0.67427072
0.63834458 0.64042535
0.58029583 0.73156750
0.62695768 0.94572059
0.68288030 0.85644700
0.67874591 0.63324654
0.61892704 0.66784990
0.68012661 0.98827354
0.71783085 0.67362799
0.68372760 0.64111322
0.66485096 0.67657527
0.69069665 0.63099807
0.63257073 0.66951595
0.68263292 0.62677241
0.62365170 0.66352151
0.59582535 0.97785879
0.59254463 0.99487959
0.61156674 0.93933480
0.65745421 0.63718203
0.65610344 0.96952542
0.72039683 0.71247070
0.68785496 0.70101838
0.62166703 0.90660243
0.70214215 0.94306480
0.69799960 0.92081654
0.69658632 0.68647892
0.60660000 0.62741856
0.63129370 0.66236694
0.64606901 0.64830969
0.65933133 0.95395598
0.68842748 0.67158671
0.62340567 0.95742753
0.62158624 0.91112295
0.67386348 0.91080495
0.62664174 0.68548723
0.61581619 0.97069929
0.62438722 0.94678138
0.63532721 0.63792092
0.58568917 0.65773470
0.66341340 0.99052966
0.66346919 0.66707553
0.64348980 0.88998574
0.66518484 0.71514539
0.71818837 0.89985074
0.63485604 0.73694300
0.62440751 0.65601221
0.71318376 0.73171741
0.62438118 0.68507828
0.65189193 0.99998653
0.72371379 0.72910428
0.65444198 0.96246643
0.66784950 0.98144972
0.67421378 0.98074042
0.59725246 0.95687689
0.71564700 0.66302321
0.71297131 0.97397055
0.70131924 0.98568339
0.60693865 0.73658519
0.61442578 0.93376487
0.68330103 0.68374791
0.66421770 0.70098267
0.71462141 0.72276086
0.64789495 0.67007935
0.69484313 0.99850758
0.63233740 0.72123361
0.70966147 0.59996233
0.71268527 0.74423821
0.64424499 0.64196188
0.66827042 0.70410566
0.68583022 0.92487712
0.62262356 0.67064108
0.58005780 0.59845610
0.69453906 0.97188586
0.71877147 0.98403734
0.67899025 0.69611917
0.71551935 0.64283594
0.66872379 0.67904948
0.67847231 0.94556146
0.64143454 0.91626929
0.67235349 0.65756584
0.71120437 0.64800652
0.67561358 0.95793644
0.60911799 0.68892520
0.61501740 0.68210836
0.68574248 0.69688095
0.66745850 0.95916402
0.65128062 0.92847019
0.67100939 0.71304374
0.66034920 0.98136078
0.68398863 0.70437067
0.62185630 0.96919929
0.60457165 0.98331216
0.66235587 0.95838178
0.69225794 0.97206214
0.67424280 0.65550471
0.66555215 0.98593661
0.60505799 0.68919387
0.61659094 0.68724535
0.66784650 0.86810541
0.67148694 0.71032921
0.62648124 0.95061765
0.66182353 0.69968902
0.61756281 0.67704791
0.69122064 0.96571069
0.63032143 0.99427859
0.73544846 0.60403104
0.62204446 0.96421671
0.68468767 0.68487165
0.60928979 0.93198595
0.68835583 0.68808818
0.64430233 0.60771235
0.60421662 0.94465880
0.66103436 0.65921695
0.61527398 0.91007107
0.70100683 0.72101602
0.67220387 0.97509300
0.70886059 0.69851198
0.67888321 0.94914779
0.75147688 0.91204249
0.59905352 0.88545257
0.66098906 0.68417578
0.70001370 0.67767154
0.69583257 0.93197471
0.69931567 0.94074153
0.72672937 0.97684576
0.68173770 0.68347953
0.64760466 0.62915567
0.64289216 0.63901359
0.61535147 0.67134679
0.66421242 0.99851029
0.65829713 0.66288364
0.63626164 0.98398065
0.67488264 0.95983243
0.68620860 0.95297314
0.68419206 0.63546059
0.65393602 0.94620794
0.59385587 0.66965224
0.73472169 0.67118156
0.63674946 0.96660716
0.68926620 0.68522925
0.67610034 0.66479314
0.66731267 0.67270562
0.76313603 0.67872831
0.62096665 0.98316941
0.71163331 0.66766404
0.64244401 0.96126618
0.71815997 0.62393669
0.61163924 0.98388111
0.64289874 0.97627747
0.64577336 0.96803439
0.67667506 0.99013788
0.65481191 0.96266284
0.60826331 0.65857629
0.73382133 0.99677985
0.55632725 0.65079491
0.58975519 0.73339937
0.64882662 0.95457237
0.70071424 0.71084614
0.65289251 0.92991332
0.68072804 0.93958749
0.67184690 0.67431449
0.61566788 0.96970236
0.64056153 0.97489169
0.61590003 0.97261459
0.63339614 0.97119816
0.61528270 0.70766134
0.67399047 0.70836336
0.69413313 0.95348319
0.69626650 0.63969791
0.61609789 0.73823759
0.63573767 0.96379401
0.72051778 0.91129958
0.73312297 0.65799605
0.68063510 0.96227353
0.67820246 0.62568747
0.60808972 0.95233027
0.63171722 0.64244674
0.68635452 0.70248543
0.64380318 0.98516177
0.62784156 0.99814232
0.73816997 0.97594391
0.68313687 0.64174994
0.63417140 0.94626733
0.65269292 0.65067845
0.66191102 0.63954602
0.61952039 0.71457200
0.66807301 0.72195903
0.62993119 0.98445187
0.58044017 0.61909265
0.65350374 0.61641395
0.65116225 0.64644115
0.70847544 0.67121514
0.67980708 0.99140350
0.61150616 0.94584562
0.63515941 0.67855286
0.69878641 0.68488839
0.70562448 0.95432536
0.62647099 0.93789520
0.62223505 0.91831634
0.64214458 0.95387570
0.60547061 0.92535447
0.69446297 0.97741017
0.61868526 0.90814682
0.66177836 0.69948214
0.63017049 0.98066956
0.65603586 0.95286246
0.69406323 0.98342578
0.65375529 0.96524921
0.60702083 0.69102089
0.66617962 0.97193564
0.67754458 0.67941207
0.67592852 0.66289402
0.63990317 0.98419992
0.64126466 0.95295238
0.60090323 0.73718654
0.60860769 0.65173939
0.74583754 0.95689048
0.69113639 0.97518110
0.64330437 0.99342665
0.64169239 0.65933693
0.68214748 0.97487830
0.66641769 0.98002943
0.55795745 0.69002819
0.73676471 0.70362950
0.69613062 0.70079568
0.63923624 0.67035276
0.65900497 0.65776231
0.69169179 0.99041265
0.66233959 0.65504260
0.62643302 0.69657747
0.69114183 0.66132261
0.66500483 0.94632596
0.60402295 0.67418067
0.65403396 0.99640971
0.62151999 0.96791445
0.61658285 0.72098604
0.63579707 0.79022251
0.64857817 0.98200928
0.65427895 0.99187215
0.67566182 0.97076676
0.70706186 0.65776086
0.73332872 0.98971760
0.59538825 0.67817065
0.70379445 0.95947692
0.64408278 0.66566375
0.67183363 0.98636093
0.65440514 0.96569668
0.60725818 0.99200479
0.60685559 0.94090746
0.69907028 0.97263627
0.71518312 0.97319617
0.68115149 0.74562201
0.66550943 0.63252716
0.60328692 0.66544737
0.65283964 0.95662588
0.66755244 0.72461418
0.72099095 0.94474932
0.64282248 0.99150840
0.70825153 0.73347455
0.66810343 0.70626353
0.71506729 0.70037465
0.57571217 0.96758669
0.69677959 0.98489095
0.64312252 0.97965511
0.70277671 0.92806509
0.54558341 0.92527126
0.67359334 0.92689178
0.69856345 0.70783982
0.65867461 0.97009657
0.65291638 0.95190603
0.61307319 0.98924954
0.63227438 0.95591830
0.63654274 0.97855845
0.69410941 0.98533808
0.59658455 0.71169990
0.68838512 0.96584928
0.64702314 0.69484124
0.52119007 0.67167139
0.65256226 0.94541910
0.64504228 0.87542044
0.64682722 0.95030438
0.65597093 0.88377856
0.72141697 0.66688409
0.65987043 0.93948978
0.65183086 0.97345915
0.64141252 0.99535349
0.66547492 0.96425687
0.63799259 0.97852684
0.59091359 0.94272686
0.70273994 0.67318781
0.64873502 0.66610821
0.65324632 0.95307029
0.64282667 0.94186804
0.67518826 0.61534301
0.66475695 0.98540333
0.68381308 0.72482597
0.68127029 0.93280988
0.63273552 0.98961475
0.63988134 0.98526861
0.64961135 0.67928491
0.68366956 0.68184839
0.57639509 0.94871209
0.66306683 0.64462252
0.67429874 0.67401708
0.66144383 0.66165309
0.63120792 0.94826443
0.63385354 0.70795655
0.69458353 0.67715552
0.66960731 0.95471259
0.66355912 0.65150073
0.62684190 0.76819787
0.66459870 0.73573366
0.61344088 0.95192166
0.64783810 0.71241661
0.63288820 0.98599551
0.56102123 0.98406029
0.62931041 0.68784453
0.66975122 0.66494197
0.69448890 0.93815427
0.64946029 0.69081300
0.67600581 0.66532173
0.65994110 0.67208308
0.60442487 0.63975596
0.66050181 0.99077508
0.66370069 0.93868149
0.60279989 0.94393273
0.65593695 0.68026672
0.65962581 0.69401422
0.66983505 0.75508275
0.65038777 0.93906142
0.62502455 0.71297369
0.65376692 0.96991162
0.65479457 0.94526188
0.63398012 0.69228680
0.70878004 0.98351107
0.62669880 0.68368000
0.71991458 0.95775072
0.66077569 0.68837233
0.63442338 0.93832348
0.71059558 0.67241210
0.60858180 0.99942466
0.70961205 0.66151942
0.65088936 0.94905308
0.72686376 0.97029528
0.71401639 0.67833981
0.73955345 0.70048147
0.70594488 0.96810485
0.72640476 0.72200693
0.68527657 0.68855902
0.64211068 0.98975020
0.67228029 0.73607870
0.65832598 0.98938732
0.72085335 0.62127556
0.69684964 0.98792921
0.65025567 0.65366204
0.65199346 0.97801799
0.66197405 0.65840722
0.66024453 0.69873518
0.66729085 0.61341926
0.67930153 0.96563173
0.62780583 0.66147880
0.68239802 0.62920285
0.68715405 0.96183935
0.70532286 0.70003409
0.60460786 0.70449388
0.63314599 0.99568511
0.63328041 0.96401048
0.67063128 0.72230480
0.67829884 0.93553250
0.65435935 0.97894535
0.67109933 0.62948342
0.66605154 0.96131956
0.66032899 0.71734561
0.65015783 0.66411792
0.62020452 0.96557141
0.67948927 0.97745282
0.60224546 0.98653930
0.67089708 0.65873728
0.66245855 0.98441801
0.64960928 0.66619913
0.66373899 0.92546026
0.75174992 0.96746485
0.72168329 0.63041877
0.63040906 0.97815392
0.69227984 0.70999460
0.65158983 0.66898358
0.72014849 0.94659124
0.64451482 0.69598882
0.64582428 0.73890844
0.67717418 0.59242868
0.67935463 0.94702608
0.76422808 0.72828134
0.68944857 0.95161809
0.68817291 0.94514834
0.67284760 0.97829032
0.66599336 0.70163835
0.69576960 0.93728003
0.58305074 0.91907463
0.65797542 0.99826877
0.58382185 0.96968298
0.71262743 0.96251536
0.61083936 0.73303082
0.67878622 0.99113858
0.73195836 0.70178183
0.64720286 0.98710031
0.66532153 0.58917564
0.66782385 0.64580794
0.67791894 0.97032817
0.61473222 0.69665877
0.67579112 0.67783994
0.67606816 0.62426398
0.72797815 0.95756154
0.68352979 0.70117001
0.62698567 0.67996329
0.66086525 0.63611825
0.58252720 0.71790127
0.68495415 0.95723310
0.67896968 0.68853810
0.69057210 0.72884028
0.68029617 0.72313477
0.64165788 0.99957470
